	a	b	c	d	e	f	g
a	0	19	27	8	33	18	13
b	19	0	31	18	36	1	13
c	27	31	0	26	41	32	29
d	8	18	26	0	31	17	14
e	33	36	41	31	0	35	28
f	18	1	32	17	35	0	12
g	13	13	29	14	28	12	0
